     0/149     7.38G   0.06964   0.01511    0.0287    0.1134         5       640 0.0004117    0.2253 0.0003738 5.913e-05   0.08535   0.01505    0.0275
     1/149      7.4G   0.06409   0.01079   0.02736    0.1022         3       640 0.0005437    0.2708 0.0006329 0.0001191   0.07989   0.01355   0.02716
     2/149      7.4G   0.06567   0.00928   0.02741    0.1024         6       640  0.000555    0.2764 0.0007917 0.0001341   0.08127   0.01246   0.02679
     3/149      7.4G   0.06244  0.008532   0.02593    0.0969         2       640  0.001572    0.1948 0.0007427 0.0001406   0.08244   0.01171   0.02655
     4/149      7.4G    0.0631  0.008243   0.02618   0.09752         4       640 0.0001454   0.08182 0.0001537 1.965e-05   0.08574   0.01115   0.02734
     5/149      7.4G   0.06381  0.008013   0.02525   0.09707         2       640     0.203      0.01 0.0002838 3.775e-05    0.1022  0.008673   0.08699
     6/149      7.4G   0.06377  0.007533     0.025    0.0963         3       640 0.0001066   0.04242 5.059e-05 1.597e-05    0.1086   0.01301   0.07408
     7/149      7.4G   0.06073  0.007568   0.02433   0.09263         4       640 0.0003428   0.08887 0.0006414 0.0002163    0.1025   0.01952   0.05981
     8/149      7.4G   0.06034  0.007567   0.02387   0.09178         4       640    0.8203   0.03871   0.01604  0.003525   0.08517   0.01059   0.02587
     9/149      7.4G   0.06283  0.007544   0.02372    0.0941         5       640    0.6132   0.02903  0.004937 0.0007301   0.08278   0.01121   0.02611
    10/149      7.4G   0.06047  0.007655   0.02252   0.09064         5       640    0.8319   0.03548     0.038   0.01598   0.08828  0.009875   0.02685
    11/149      7.4G    0.0614  0.007238   0.02245   0.09108         6       640    0.8902   0.07097    0.1183   0.04679   0.08537    0.0104   0.02497
    12/149      7.4G   0.06104   0.00761   0.02144   0.09009         6       640    0.0528    0.1585   0.03492   0.01135   0.08383   0.01094    0.0254
    13/149      7.4G   0.06105  0.007566   0.02123   0.08984         2       640    0.2888    0.2298    0.1461   0.06625   0.08047   0.01106    0.0226
    14/149      7.4G   0.06016  0.007361   0.02033   0.08785         3       640    0.8257    0.1461    0.1715   0.07818   0.08556   0.00994   0.02289
    15/149      7.4G   0.06091  0.007363   0.01983    0.0881         5       640    0.6591    0.2813      0.28    0.1359   0.08243   0.01038   0.02268
    16/149      7.4G   0.05945  0.007436     0.019   0.08589         5       640    0.4273    0.2676    0.2204   0.08755   0.08317   0.01004   0.02333
    17/149      7.4G   0.06117  0.007012    0.0197   0.08788         3       640    0.4643    0.3716    0.2488   0.09615   0.08574   0.00974   0.02163
    18/149      7.4G   0.06001  0.006889   0.01942   0.08632         2       640    0.3194    0.4801    0.3735    0.1666   0.08209  0.009621   0.02109
    19/149      7.4G   0.05961  0.006472   0.01879   0.08488         4       640    0.4395    0.3559    0.3027    0.1148   0.08181  0.009372   0.02135
    20/149      7.4G    0.0557  0.006414   0.01741   0.07953         7       640     0.585    0.3438    0.3282    0.1856    0.0822   0.00921   0.02229
    21/149      7.4G   0.05856  0.005771   0.01777    0.0821         2       640    0.3571     0.584    0.4555    0.2325   0.08163  0.008121   0.02162
    22/149      7.4G   0.05788  0.005647   0.01775   0.08128         5       640    0.5767    0.4578    0.4135    0.1907   0.08357  0.008398   0.02102
    23/149      7.4G   0.05671  0.005458   0.01817   0.08034         4       640    0.6252    0.4722    0.5236    0.2588   0.08043   0.00811   0.02086
    24/149      7.4G   0.05562  0.005263   0.01809   0.07897         0       640     0.662    0.6039    0.6196    0.3684   0.07929  0.007503   0.02136
    25/149      7.4G   0.05342  0.005272   0.01709   0.07578         2       640    0.7137    0.5342     0.598    0.3531   0.07891  0.007716   0.02185
    26/149      7.4G   0.05543  0.005047   0.01698   0.07746         3       640     0.702    0.5709    0.5821    0.3435   0.08098  0.006786   0.02145
    27/149      7.4G   0.05357  0.005231   0.01703   0.07584         6       640     0.474    0.3848    0.3586    0.1619   0.08484   0.00794    0.0253
    28/149      7.4G   0.05466   0.00491   0.01706   0.07662         4       640    0.5566    0.5811    0.5084    0.3046   0.07854  0.007625   0.02096
    29/149      7.4G   0.05275  0.004998   0.01661   0.07436         5       640    0.8076    0.6754    0.6877    0.4287   0.07756   0.00686   0.02039
    30/149      7.4G   0.05069   0.00471    0.0165    0.0719         2       640    0.8394     0.629    0.6813    0.4439   0.07751  0.006734   0.02029
    31/149      7.4G   0.05337  0.004775   0.01606   0.07421         5       640    0.8783    0.7114    0.7167    0.4996   0.07732  0.006257    0.0187
    32/149      7.4G   0.05232  0.004726   0.01568   0.07273         2       640    0.8373    0.7029    0.7039     0.481   0.07557  0.006654   0.01925
    33/149      7.4G   0.05081  0.004647   0.01577   0.07123         3       640    0.8489    0.6004    0.6482     0.404   0.07663  0.007326    0.0193
    34/149      7.4G   0.05109  0.004665   0.01538   0.07114         2       640    0.8888    0.7014    0.7141    0.5223   0.07481  0.006525   0.01918
    35/149      7.4G   0.05351  0.004657   0.01526   0.07342         4       640     0.864    0.6565    0.7075    0.4728   0.07556   0.00654   0.01957
    36/149      7.4G   0.04971  0.004753     0.014   0.06846         5       640     0.912    0.7227    0.7225    0.5233   0.07531  0.006257   0.01748
    37/149      7.4G   0.05084  0.004689    0.0133   0.06883         5       640    0.9017    0.7272    0.7203    0.5466    0.0741  0.006169   0.01723
    38/149      7.4G   0.05062   0.00466   0.01363   0.06891         6       640    0.8913    0.6015    0.6491    0.4181     0.077  0.007031   0.01767
    39/149      7.4G   0.04996  0.004718   0.01288   0.06755         3       640     0.822    0.6234    0.6571    0.4093   0.07635  0.007124    0.0179
    40/149      7.4G   0.04799  0.004623   0.01282   0.06543         2       640    0.9092    0.7325    0.7217    0.5152   0.07342  0.006251   0.01566
    41/149      7.4G   0.05027   0.00483   0.01353   0.06863         3       640    0.8833    0.6685    0.6946    0.4572   0.07777  0.006369   0.01839
    42/149      7.4G   0.05075  0.004448   0.01232   0.06752         6       640    0.9031    0.7252    0.7234    0.4796   0.07566  0.006046   0.01745
    43/149      7.4G   0.04872  0.004628   0.01291   0.06627         5       640    0.8425    0.4423     0.493    0.3338   0.07898  0.007193   0.02452
    44/149      7.4G   0.04788  0.004435   0.01234   0.06465         8       640    0.8801    0.7023    0.7137    0.5147   0.07361  0.006297   0.01721
    45/149      7.4G   0.04867  0.004569   0.01172   0.06497         3       640    0.9022    0.6766    0.7039    0.5307   0.07388  0.006774    0.0176
    46/149      7.4G   0.04965  0.004573   0.01176   0.06598         2       640    0.9091    0.7332    0.7284    0.5311   0.07067   0.00671   0.01712
    47/149      7.4G   0.05027  0.004641   0.01249    0.0674         5       640    0.8931    0.6541    0.7058    0.4744   0.07638  0.006859   0.01999
    48/149      7.4G   0.05204  0.004713   0.01216   0.06891         7       640    0.9113    0.7286    0.7241    0.5248    0.0718  0.006293   0.01758
    49/149      7.4G   0.04747  0.004579   0.01177   0.06381         6       640    0.7675    0.6204    0.6277    0.4297   0.07686  0.006988   0.02058
    50/149      7.4G    0.0473  0.004789   0.01059   0.06268         6       640    0.8845    0.7251    0.7228    0.5152   0.07293  0.006239    0.0164
    51/149      7.4G     0.048  0.004601   0.01195   0.06455         1       640    0.9018     0.739    0.7305    0.5324   0.07227  0.006083   0.01673
    52/149      7.4G   0.04801  0.004523    0.0108   0.06332         7       640    0.7736     0.642    0.6527    0.4842    0.0744  0.006816   0.02033
    53/149      7.4G   0.04751  0.004501    0.0112   0.06321         2       640    0.9264    0.7251     0.738    0.5432   0.07203  0.006096   0.01683
    54/149      7.4G   0.04768    0.0044   0.01121   0.06329         4       640    0.9011     0.739    0.7342     0.566   0.07142  0.005861   0.01489
    55/149      7.4G    0.0458  0.004491  0.009949   0.06024         2       640    0.8908    0.7487    0.7365    0.5761   0.07217  0.005956   0.01767
    56/149      7.4G   0.04642  0.004429   0.01072   0.06156         1       640    0.9187    0.6931    0.7361    0.5739    0.0703  0.006064   0.01577
    57/149      7.4G   0.04534  0.004463  0.009284   0.05909         5       640    0.9136    0.7315    0.7366    0.5532    0.0722  0.005872   0.01649
    58/149      7.4G   0.04664  0.004302   0.01014   0.06109         2       640     0.926     0.726    0.7324    0.5656   0.07202  0.005818   0.01637
    59/149      7.4G   0.04632  0.004338  0.009389   0.06004         3       640    0.9389    0.7331    0.7395    0.5652   0.07167  0.005742   0.01411
    60/149      7.4G   0.04658  0.004436  0.009098   0.06011         3       640    0.9296    0.7343    0.7308    0.5669    0.0707  0.005784   0.01593
    61/149      7.4G   0.04717  0.004439   0.01026   0.06187         4       640    0.9126    0.7423    0.7308    0.5796   0.07041  0.005745   0.01506
    62/149      7.4G    0.0427  0.004144  0.008807   0.05565         5       640    0.8962    0.7469     0.738    0.5729   0.07112  0.005779   0.01761
    63/149      7.4G   0.04599  0.004206  0.008093   0.05829         5       640    0.9226     0.749    0.7403    0.5793   0.07005  0.005883   0.01272
    64/149      7.4G   0.04638  0.004456  0.009613   0.06045         4       640    0.9062    0.7419    0.7271    0.5726   0.07163  0.006079   0.01406
    65/149      7.4G   0.04599   0.00435  0.008954   0.05929         2       640    0.9201     0.743    0.7448    0.5717   0.07012  0.005852   0.01356
    66/149      7.4G   0.04415  0.004301   0.00873   0.05718         3       640    0.9173    0.7257    0.7378    0.5264   0.07351  0.005984   0.01553
    67/149      7.4G   0.04532  0.004315  0.007831   0.05747         4       640    0.8888     0.732    0.7374     0.581   0.07044  0.005676   0.01392
    68/149      7.4G   0.04543  0.004191  0.007852   0.05747         5       640     0.938    0.7303    0.7336    0.5782   0.07187  0.005569   0.01308
    69/149      7.4G   0.04185  0.004189  0.008006   0.05405         2       640    0.8958    0.6593     0.668    0.5138   0.07252  0.006156   0.01611
    70/149      7.4G   0.04396  0.004394  0.008012   0.05637         4       640     0.898    0.7347    0.7286     0.537    0.0726  0.005983   0.01528
    71/149      7.4G   0.04321  0.004183   0.00684   0.05424         3       640    0.8612    0.6023    0.6612       0.5   0.07283  0.006452   0.01625
    72/149      7.4G   0.04542   0.00414  0.007375   0.05694         4       640    0.9114    0.7241    0.7297    0.5546   0.07334  0.005802   0.01488
    73/149      7.4G   0.04547  0.004273  0.006783   0.05653         6       640    0.9299    0.7389    0.7367    0.5753    0.0711  0.005637   0.01245
    74/149      7.4G   0.04358  0.004126  0.006728   0.05443         2       640    0.8724    0.6512    0.6748    0.5028   0.07379  0.006267   0.02005
    75/149      7.4G   0.04494  0.004099  0.006835   0.05588         2       640    0.9282    0.7373    0.7408    0.5754   0.07067  0.005679   0.01101
    76/149      7.4G   0.04215  0.004184  0.006716   0.05305         2       640    0.9313    0.7485    0.7414     0.594   0.07139  0.005418   0.01113
    77/149      7.4G   0.04309  0.004173  0.006171   0.05343         3       640    0.9238     0.742    0.7406    0.5734   0.07056   0.00562   0.01439
    78/149      7.4G   0.04396  0.004176  0.006499   0.05464         2       640    0.9215    0.6796     0.726    0.5745   0.07086  0.005956   0.01375
    79/149      7.4G   0.04392  0.004233  0.006304   0.05445         4       640    0.9334    0.7431    0.7469    0.5844   0.07098  0.005637   0.01179
    80/149      7.4G   0.04198  0.004132  0.005739   0.05185         3       640    0.9112    0.7485    0.7373    0.5809   0.06851  0.005582   0.01193
    81/149      7.4G   0.04097  0.004025  0.005459   0.05046         2       640    0.9336    0.7363    0.7376    0.5769   0.06951   0.00581    0.0108
    82/149      7.4G   0.04419  0.004113  0.005804    0.0541         4       640    0.9404    0.7329    0.7425    0.5793   0.06897  0.005802   0.01105
    83/149      7.4G   0.04343  0.004001  0.005514   0.05295         1       640    0.9491    0.7048    0.7309    0.5441     0.072  0.005945   0.01248
    84/149      7.4G   0.04135  0.004216  0.005641   0.05121         4       640    0.8582    0.6036    0.6701    0.5225    0.0715  0.006259   0.01567
    85/149      7.4G   0.04221  0.004061  0.004705   0.05098         2       640    0.9181     0.738    0.7337    0.5849   0.06859  0.006069    0.0131
    86/149      7.4G   0.04146  0.003943  0.004441   0.04985         2       640    0.9383    0.7454    0.7401    0.5884   0.06865  0.005913  0.009655
    87/149      7.4G   0.04258  0.004205  0.005513    0.0523         3       640    0.9282    0.7436    0.7429    0.5861   0.06863  0.005912  0.009641
    88/149      7.4G   0.04165  0.004042  0.005117   0.05081         2       640    0.9337    0.7417    0.7469    0.5862   0.06757  0.005944   0.01132
    89/149      7.4G   0.04117  0.004186  0.004654   0.05001         3       640    0.9249    0.7517    0.7477    0.6081   0.06707  0.006022  0.008485
    90/149      7.4G    0.0406   0.00416  0.004532    0.0493         2       640    0.9049    0.6767     0.718    0.5785    0.0678  0.006164    0.0132
    91/149      7.4G   0.04143   0.00395  0.003613   0.04899         5       640    0.9128    0.7485    0.7484    0.5921   0.06653  0.006121   0.00925
    92/149      7.4G   0.04132  0.004045  0.004141   0.04951         5       640     0.928    0.7486    0.7517    0.5904   0.06634  0.006074  0.008039
    93/149      7.4G   0.03967  0.003723  0.003519   0.04691         4       640    0.9395    0.7416     0.751    0.6012    0.0667  0.005918  0.009149
    94/149      7.4G   0.03874   0.00397  0.003035   0.04574         3       640     0.927    0.7463    0.7505    0.6009   0.06555  0.006136   0.00873
    95/149      7.4G   0.04046  0.004138   0.00292   0.04752         3       640    0.8801    0.7296    0.7425    0.6005   0.06689  0.006149   0.01118
    96/149      7.4G   0.04056  0.004007  0.003438   0.04801         5       640    0.9258    0.7406    0.7471     0.593   0.06659  0.006093   0.01269
    97/149      7.4G   0.03942  0.004119  0.003223   0.04676         2       640    0.9265    0.7517     0.751    0.6121   0.06625  0.006175  0.008984
    98/149      7.4G    0.0394  0.003948  0.003159   0.04651         2       640     0.913    0.7517    0.7506    0.6137   0.06511  0.006216   0.00883
    99/149      7.4G    0.0379   0.00402   0.00268    0.0446         3       640    0.9306    0.7339     0.745    0.5846   0.06635  0.006165   0.01064
   100/149      7.4G   0.03841  0.003848  0.002799   0.04506         2       640    0.9275    0.7487    0.7485     0.606   0.06653  0.006074  0.009403
   101/149      7.4G   0.03719  0.003918  0.003017   0.04412         5       640     0.931    0.7437    0.7495    0.6076   0.06666  0.006011   0.01073
   102/149      7.4G   0.03911  0.004005  0.003473   0.04659         2       640    0.9207    0.7417    0.7502    0.5973   0.06618  0.006046  0.008496
   103/149      7.4G   0.03934  0.003872  0.002719   0.04593         2       640    0.9293    0.7606    0.7489     0.613   0.06563  0.006096   0.00861
   104/149      7.4G   0.03777  0.004017  0.002628   0.04441         4       640    0.9261    0.7555    0.7519    0.6106   0.06472  0.006185  0.008678
   105/149      7.4G   0.03971  0.004097  0.003039   0.04684         5       640     0.926    0.7463    0.7532    0.6125   0.06585   0.00607  0.008496
   106/149      7.4G   0.03852  0.003865  0.002272   0.04465         2       640    0.9059    0.7561    0.7489     0.605   0.06594  0.006131  0.008106
   107/149      7.4G   0.03582  0.004052  0.002448   0.04232         2       640    0.9087    0.7617    0.7562     0.609   0.06543  0.006106  0.009008
   108/149      7.4G   0.03836  0.003948  0.002025   0.04433         6       640    0.9142    0.7585    0.7537    0.6118   0.06552   0.00621  0.008188
   109/149      7.4G   0.03947  0.004148  0.002529   0.04615         4       640    0.9231    0.7516    0.7528    0.6168   0.06428  0.006355  0.007103
   110/149      7.4G   0.03764  0.003999  0.002176   0.04381         8       640    0.9198    0.7586    0.7499    0.6017   0.06487  0.006272  0.007645
   111/149      7.4G   0.03793  0.004062   0.00227   0.04426         4       640     0.938    0.7525    0.7528    0.6147   0.06566  0.006158  0.007672
   112/149      7.4G   0.03853  0.004164  0.002603   0.04529         3       640    0.9335    0.7463    0.7527    0.6171   0.06499  0.006146   0.00723
   113/149      7.4G   0.03819   0.00392  0.002268   0.04437         2       640    0.9265    0.7486    0.7523     0.612   0.06402   0.00625  0.007313
   114/149      7.4G   0.03721  0.004051  0.001832    0.0431         4       640    0.9053     0.739    0.7411    0.5942   0.06513  0.006389  0.008504
   115/149      7.4G    0.0389   0.00389  0.001855   0.04465         4       640    0.9406    0.7456    0.7495    0.6106   0.06478  0.006247  0.007665
   116/149      7.4G   0.03546  0.003727   0.00185   0.04104         2       640    0.9197    0.7487    0.7504    0.6137   0.06439  0.006284   0.00703
   117/149      7.4G    0.0389  0.003876  0.002361   0.04514         3       640    0.9364    0.7457    0.7465      0.61   0.06355  0.006358  0.007898
   118/149      7.4G   0.03527  0.003844    0.0017   0.04082         4       640    0.9346    0.7426    0.7515      0.62   0.06331  0.006289  0.007614
   119/149      7.4G   0.03606  0.004001  0.001751   0.04181         5       640    0.9502    0.7391    0.7518    0.6097   0.06284  0.006214  0.007017
   120/149      7.4G   0.03655  0.003895  0.001888   0.04234         2       640    0.9342    0.7531     0.752    0.6198   0.06331  0.006123  0.007351
   121/149      7.4G   0.03446  0.003897  0.002091   0.04044         4       640    0.9295    0.7471    0.7504    0.6256   0.06258  0.006318  0.007365
   122/149      7.4G   0.03526  0.003932  0.001636   0.04083         2       640    0.9242    0.7487    0.7513    0.6071   0.06322   0.00651  0.008093
   123/149      7.4G   0.03549  0.003913  0.001774   0.04118         2       640    0.9224    0.7502    0.7497     0.612   0.06355  0.006504  0.007856
   124/149      7.4G   0.03554  0.003878  0.001898   0.04132         3       640    0.9339    0.7385    0.7479    0.6121   0.06308  0.006489  0.007915
   125/149      7.4G   0.03557  0.004009  0.001835   0.04142         5       640    0.9248    0.7422    0.7511    0.6176   0.06243  0.006481  0.006916
   126/149      7.4G   0.03587  0.003887  0.001523   0.04128         3       640    0.9331     0.739    0.7511    0.6289   0.06174  0.006506  0.006904
   127/149      7.4G   0.03666  0.003789  0.001501   0.04195         1       640    0.9338    0.7382    0.7554    0.6208   0.06223  0.006483  0.007013
   128/149      7.4G   0.03491  0.003904  0.001444   0.04026         5       640     0.932    0.7487    0.7578    0.6219   0.06268   0.00637  0.007276
   129/149      7.4G   0.03547  0.003946  0.001489    0.0409         0       640    0.9276    0.7487    0.7569    0.6168   0.06259  0.006514   0.00707
   130/149      7.4G   0.03641  0.004193  0.001807   0.04241         7       640    0.9299    0.7487    0.7558    0.6202   0.06155  0.006507  0.006967
   131/149      7.4G   0.03325  0.003887  0.001874   0.03901         5       640    0.9331    0.7456    0.7568    0.6229   0.06127  0.006434  0.006378
   132/149      7.4G   0.03528  0.003824  0.001477   0.04058         3       640    0.9267    0.7486    0.7553    0.6251   0.06204  0.006438  0.006542
   133/149      7.4G   0.03513  0.003981  0.001522   0.04063         5       640    0.9244    0.7486    0.7552    0.6299   0.06222   0.00633  0.006816
   134/149      7.4G   0.03283  0.003926  0.001015   0.03778         6       640    0.9295    0.7425    0.7563    0.6289   0.06212  0.006364  0.006636
   135/149      7.4G   0.03409  0.003974  0.001222   0.03929         3       640    0.9288    0.7424    0.7573    0.6297   0.06136  0.006562  0.006245
   136/149      7.4G   0.03624  0.003911  0.001363   0.04151         3       640    0.9193    0.7495    0.7554    0.6228   0.06149  0.006584  0.006233
   137/149      7.4G   0.03384  0.003787  0.001251   0.03888         7       640    0.9245    0.7532    0.7575    0.6311   0.06194  0.006548  0.006944
   138/149      7.4G    0.0338  0.003887   0.00123   0.03892         4       640    0.9203    0.7592    0.7566    0.6319   0.06178   0.00648  0.006693
   139/149      7.4G   0.03322  0.003814  0.001147   0.03818         3       640    0.9216    0.7456    0.7546    0.6275   0.06172  0.006414  0.005983
   140/149      7.4G   0.03374  0.003866  0.001212   0.03882         3       640    0.9172    0.7517    0.7514    0.6254   0.06141   0.00648  0.005909
   141/149      7.4G   0.03336  0.003936    0.0012   0.03849         4       640    0.9283    0.7432    0.7506    0.6298   0.06091  0.006517  0.006086
   142/149      7.4G   0.03291  0.003723  0.001082   0.03772         5       640    0.9365    0.7339    0.7495    0.6274   0.06121  0.006619  0.006843
   143/149      7.4G   0.03372  0.004092  0.001356   0.03917         4       640    0.9282    0.7456    0.7504    0.6226   0.06137  0.006552  0.006485
   144/149      7.4G   0.03457  0.003959  0.001071    0.0396         4       640    0.9379     0.734    0.7518    0.6281   0.06029  0.006618  0.006796
   145/149      7.4G   0.03087  0.003879 0.0009137   0.03566         3       640    0.9382    0.7387    0.7531    0.6228   0.06039  0.006668  0.006868
   146/149      7.4G   0.03398  0.003795  0.001296   0.03907         2       640    0.9209    0.7487    0.7496    0.6242   0.06136  0.006539  0.007032
   147/149      7.4G   0.03301  0.003884  0.001154   0.03805         4       640    0.9246    0.7487    0.7509    0.6298   0.06064  0.006556  0.006342
   148/149      7.4G   0.03317  0.004009  0.001231   0.03841         4       640    0.9173    0.7486    0.7523    0.6293   0.05986  0.006564  0.005991
   149/149      7.4G   0.03333  0.003922  0.001108   0.03836         5       640    0.9179    0.7517    0.7527     0.629   0.06024  0.006553  0.006416
